2409543974
545631738
1035050365
2337718741
298574475
1085934584
3262154603
942282890
390058115
396820560
3389577526
250399490
625571756
714535052865101824
716797747706339328
206285139
711281929291563008
1169753047
4715755218
716770155758559233
1388239328
155592338
136811688
1112931331
2861454321
4650404240
15404199
716785858456584193
716765585401511938
716782489210122240
16299296
205564267
3184808696
158763639
3089618305
170492152
520013758
395959163
41484900
716260107089092609
716756368070471681
879975896
840893226
158930140
4163531235
3220682971
4643801854
551355249
3829817607
716758705723805696
371388754
3040174646
4609253232
716709938236669953
248381802
129048279
3227213038
261263335
4879316345
714675594
209105585
39404894
175176021
2163207032
3825345455
138923498
4706020635
2513390527
2388932021
716047211554058240
2189136488
1149264896
1711513111
2356379306
3197885561
701202933543784448
496836408
129861167
232134570
3920441472
716739758098104320
2487218397
3145255377
536462053
170556154
612803141
2901908414
272887129
716730118593519616
2447602219
477896133
148808815
330737829
2534438020
4786897347
231794174
716725869654503424
4471943661
2559948526
1338204464
1353085141
716406554438688768
1597368205
75554826
716714987654422529
15460162
3389291890
3094848731
1723385654
2958444897
3375018550
240764577
354567110
3420189854
4161170547
2273804261
1319508223
56142304
502316652
78961406
17962442
703135903733055488
2369339244
716713546348793856
308793740
3379024881
3362948811
3242521191
4808537134
716702756451422208
3000621831
79785650
716391859875090434
2716410178
716380360007950336
1920752467
716691579067564032
716100262537076736
716092924409290752
368453057
3301910927
31206588
2161232355
2855902271
3662822052
716690120137687040
51526260
2551446960
3100617162
517436507
379899963
1004435191
1684411081
4074999734
3256982376
2951401606
580109683
4698396572
2774873730
496718490
4524579329
713674424558489600
2907636507
4824879087
275389561
1964977388
954943020
1349233423
3025508686
3121396413
175731530
368607895
445574355
24463395
4131007759
951489386
718095696
325739826
459593086
3140667933
2285559236
2778208690
3303338835
1239939332
2734737528
497753638
761896308
52437012
715976287685382144
3307450127
4193162751
265613354
16570043
4319965469
2689160346
600130517
53182715
249615687
26101603
716632819208949761
2872758910
3727162040
148295178
705157578913935360
3068219008
716627367666561028
3183440857
32555274
122150241
3044210988
164041624
3154154009
716028164930150401
259972557
503229473
6811802
3367020586
273088266
708372019612676096
4164031318
323099468
360005215
162695480
882615031
134195739
394887957
715872904869765120
393150674
307925858
4925477513
313899155
716429688206438403
3123352756
1613309341
2376550798
2551594616
711220162029096960
2211093762
1015823802
2899085847
4855063013
4863351616
1924394935
1140125496
3617510314
501944552
4723518866
1079073824
2558937653
237698223
752608734
2427749807
3635451315
24150241
361734032
3947856009
53373314
4506199288
374965742
3223351209
710540663075377152
2493167317
4491359113
2469960040
4364781800
716393857043329024
1188797503
14182457
710877093203062784
51270184
1347955405
2914968637
3033723614
2485343155
4738218046
401930528
558243939
370940018
172194164
2480464833
4049512753
716423694101258240
702285734858739712
858155598
718173172
3318535837
716486000969527296
88543030
3166820743
4170579134
2979140835
29129625
716006402683224066
353784025
106959651
24220274
229714015
3560532332
1113254257
484426939
716319514883989504
2477223324
1891329313
213093991
716464818358788096
2423415931
716460515434696705
2902955347
3098405761
716458258391834624
90750388
107310473
1337897898
2650175733
2158866342
610851840
2762739613
711188653280772096
364552043
2834520726
3797252957
323783156
261780506
3022642148
716432385252917248
713073200377233408
41975567
2781182479
2880952442
713724648152649729
111539032
2943209432
2801923347
25139723
716421873987416064
716110903243091968
4453137976
2796942937
174413414
75700877
37255966
3286642003
3186963354
3350074990
2882053494
716407066945064960
3437862675
2571888256
3324974056
496021394
715491654090694656
2249439495
3975055108
1551707672
2719009239
715666882024579073
347354044
2305196401
78207813
594358780
19115107
2184960560
2729539337
714654162294800385
716019357520961536
2165109695
2577728987
859522430
433103910
3294387393
51252108
605052670
390468767
2742594088
108774920
3338798283
2616155880
299810381
1364545280
356350627
2581174045
712345486221565952
4845413223
4623191033
2259568814
102291138
2543866288
1286173940
2243307567
4131667336
2496345350
157145458
4557247583
166148981
3295858837
2874128304
87341076
1481313853
3180870541
2416108843
4141177993
3324812567
322119438
620473310
712359842455920640
152483562
4606040412
3343256836
294726475
24869751
1139933744
715704775975833604
1679303995
4695582055
3146518603
1532126634
2893175864
637376060
29822720
2847846714
175609085
36280850
2588212917
1026453656
3305386188
563792754
4784025498
610045037
4842910613
2974815233
2721814374
715413848367448064
1023452952
3242291807
2415491415
363138589
381732979
3313441812
55683320
1855333962
2603581052
557258266
1906418766
3043751035
705551375992799232
716331944187793409
716066878716686337
3329757382
3288292857
712660058
713104974293700608
714152636564512768
2167108750
14977826
1061777629
4298704408
297137216
2927256253
294967744
2438194475
6655632
4187132834
716303990707855361
4624389323
713859389094895617
710110320094781440
269266291
3384212115
223731890
303738574
716297809083961344
196005377
4030067597
156678311
319800302
2448432506
2585254587
715297702515331072
716288464392556544
1271463367
197420128
321378147
2573264324
3259598470
703278495644971008
377012917
382799506
708266113109508096
23820788
3413585327
133920424
2413974143
79974929
4903311989
2307889206
471596128
60269212
704423413788647424
853546237
4027351475
2462748759
361536266
3430809292
713700324725432321
705790476696346624
239592939
714739058182897665
17992313
716264588141010944
4248693215
715979337405755393
282674800
2251945522
715972690302132224
556372034
39174045
2565488785
454042670
3050923079
4848660260
716065820531666944
238884329
716244107493044225
237424519
3663145227
2481866164
1730205344
715696071045996545
26654098
3938566576
1265850264
714345701010972672
2425481183
4691982192
716221841623355392
2725669398
2491760483
14320965
707560747455356929
3415723144
586704348
115976424
21518478
4770094889
713022018
806410104
143799594
620062986
23845667
51676249
3653667376
24872477
1891317750
334871954
543925049
716201466516676608
269508306
24018378
302532305
704905085235675136
90486528
614970930
2172013284
130646669
634159065
498551958
544346489
609552426
274725922
2169487414
1177205053
206187642
4258739266
3284004516
337451600
1140569886
2951161536
3820802053
3023251439
713910147706269697
1864348033
2749034860
139373778
3152809141
4838292512
711062842070278144
3828899813
3024611066
3015885549
264229344
3315178134
46514707
8509042
716131487133863936
713457122340515840
3213415954
1059580388
44659125
710751194701029376
4561095388
715356742851244033
146734981
716103517333819392
3325983711
3450389118
540385027
2793221343
3378255365
4905829629
1520558654
716941859
74781277
1378679960
14402016
23456995
1166044628
171304068
3041646383
3987830008
3687787876
716002217216622593
1483151478
713165296320663552
2948028152
2339623379
53716314
716087919052775424
712815197858050048
715915373938405376
4690006368
4718196983
716080868758933504
2568129053
42206125
938109006
2997424688
1067849137
1631522790
384590967
21632543
715377028543995905
745556486
2539672942
4810009398
44254829
2517063573
819197156
313131481
265063951
27494228
707227734884409344
3027493113
2453016921
572093939
715911726026194945
481075322
2838772503
320554313
245455697
2823282034
998075174
2543856243
3014960559
1083960242
712603345815543808
3224457627
16346641
4755943167
2917379343
4343957417
43789070
2778795277
2653070754
25198181
3286746674
191705327
557932141
490957502
715956082624040964
62072470
3943182807
711189070765015041
14710664
1334117792
4198013494
2636503523
1506358808
4644299363
2423645786
2803484714
208217440
30271874
318063869
714820606789828609
564996068
440211307
367299925
2590502460
2996253530
466777741
2996271402
29330560
3220979929
125190856
602752346
1342726376
715785419305168897
1919429370
1578686154
952546141
716004867865710592
716006106611449856
884435774
4688080706
2598381756
2644577817
3414631307
37988812
710609608805634048
348254697
712673173
3192956073
380987904
4164264789
4045751903
3702899481
451779773
4517037985
521725390
2864248889
851802498
3079035033
713429340399255552
30750658
2974971640
715583509813809152
751769750
1851624295
1148258418
1015237447
4705362966
3012034537
2949033583
2886809231
715967723042447360
715969643551334400
1352041369
19707806
995714269
3299742867
2756860169
705449700867121152
17359939
4646652975
2923219953
2999550780
2785940002
501053451
2726766317
555519011
30892292
333475615
2299088412
4107035007
2932592889
146550505
708609427172098048
4815990557
2879162440
962050340
2515499304
2883729906
253735396
719340710
15445850
3615354564
3839557336
598956476
13407762
704214651115061249
3028217750
940337108
615400743
3839071888
333682340
715947250376171520
251964654
3657649814
310519497
715936525138182145
701854788976246788
2774143948
108505527
296574278
1227931020
3140374109
71522298
2764310727
2472654043
3246077321
46499643
3939215001
3379590064
711156176105414656
4364804543
390195263
825603696
2524421877
2430519031
1797921408
41151113
10951302
284574432
4853802981
101911105
3090300369
583433367
191005580
3096510720
17568022
3073334493
265528845
998836536
29001119
767
1679103433
715922670085341184
238341887
284682984
3416872468
2325412591
4603121236
712043280888958976
430965382
4259464499
21524162
2713675454
2606420664
316669582
277371323
276395565
2420948873
304618172
2447725340
2495349076
3059459890
3013567186
3109397910
1910963935
1049965741
221800230
3333246393
1541915941
342373016
4628244202
1561291526
3422209283
713346180537835520
388289505
1546638596
434668411
348210209
3593976013
1183809812
1082066653
715893145737826304
404889832
997672783
521851923
802391238
228027299
4441728612
278278340
348197476
3558102794
96272872
710760114643337216
501946935
898086631
199051963
2832663440
334161201
1705503570
715874459287035904
8719992
2920656881
715873396958085120
2544389800
200509155
18195768
3301962015
715860543580594177
345542016
4220864043
1596863126
4207339994
1658568174
525739987
1643361666
37848712
2459648708
4685215944
440715954
10117432
2240875405
2839433983
2752375419
301910124
3176134285
708669983925080064
2579217829
699211625371463680
3881699123
2873925978
2735832232
2805139629
715843045548298242
2936916651
273324606
3106084965
632230145
1433761640
701352619407753216
4888712345
2528118004
428234942
4519162894
27277077
3816479718
4283174663
3958881134
2260822313
2483677234
439468371
2853667494
3619036694
3267950246
510504257
23501719
2714721228
1477925414
3469381880
19487393
2991969852
607519086
4843842257
628850664
1560065491
2471468169
592975244
1119749982
453097272
436072947
4732765947
1896893672
214737250
51377679
192823416
453397819
528481524
2654585720
370708312
29722157
2723195341
636582411
588205015
2806025016
1073686549
2769928445
3122071822
344241638
895273267
833996262
700876884981239808
4775779061
4818200661
1495942135
247384252
1595757817
446673025
210390348
2792226949
608345304
603566889
709266679176499200
224573100
2855688758
1612684022
1527333318
708489649178734595
720459042
17843979
2898751387
3047272256
2278691836
2596899260
187636597
4623836853
55823553
2168356312
68410998
389432364
163471341
3652724412
450947233
314016378
144953172
509124158
370504818
1894770037
2462965105
2743340282
4528676715
447868997
586759640
48342442
4260456197
563038761
1180996026
2499233755
442014849
4172793195
32750036
715794569162526721
2722224010
704543423882252288
603059174
3661004956
2266773924
715310941621977088
1176606920
2929247988
4288950795
2955839767
243073760
711976599634071552
75300292
246880849
1456384826
1034650033
633892593
1620922321
61010198
518380415
2227221031
3719481614
596603077
612395499
244561094
3287233122
347808176
1338567481
4723075581
3095702117
3231555907
941855598
322837234
108702293
730983258
403187122
253293416
941472474
75595887
371894629
2532116049
1048094485
3332105187
715749496299331584
858547099
715029042685194241
4597530794
715765082853142528
353975195
14628403
715743222170050562
715760424805904386
2439735703
454685758
2571458346
2320025645
883174458
715733398522884097
2874398040
512464533
703684897165201409
2883827168
3048340128
3223895419
4156695027
365975644
715753889274937344
3011741885
3970626382
2820077714
4002310154
1515867745
713433841994637312
631468563
962811428
3189128328
562197552
3299726496
712813713955360768
701630027495043073
4347160817
352856958
715749695880998912
563944841
2290542691
430867446
1110064874
230705450
130331570
62743904
1031079360
1549320566
2576348417
613329004
501659184
2241264000
56759278
1094431196
3350214406
2778705229
2651279809
2864923823
975153853
76577513
3838162612
4618364297
3289369570
360116529
3874550236
872425028
605518819
1635869576
2472784481
3359902667
2719676144
4128322332
248646451
409649477
4017851174
17957677
409578708
712745789752262657
466356866
2193442654
85682026
436731885
715729063038623745
2560254691
2244657240
160024241
426764655
2866304096
112059956
2823027745
2290039440
474634261
1678814204
758217018
317770742
2860469938
708040701678915584
297191314
2893666287
777689232
20559829
50874195
16544258
2907363367
471080439
547776095
1920664854
710654567994826752
319536326
554394796
170956021
1418800460
578333065
44534249
410236517
715617695887134722
519668597
3190312748
274726331
1679608242
712591425590968320
2832242724
3115804117
4290870315
4918680132
220557145
389839569
4627964117
2243853094
2179096297
724689169
3603792255
733541096
324526974
345485036
939167611
2800958848
403174716
283215136
945662454
2176249932
4226193435
2850410207
3018573281
708433409937448960
785972521
1535191328
597940659
52266142
341915336
4828326059
1575414919
4876733722
66321911
2402473626
2857790901
335515160
1649542212
3374632787
844744346
2781419630
1665915272
1247527694
50429661
275692348
367246404
947555767
2594119706
1092437940
458942929
82218947
201786483
2233453902
711130297
3766358543
869802156
701142733902188544
2300494512
219389844
4660995436
4855270552
3063263045
2424433182
3252837028
2792228075
2868121841
237940578
341903759
4235982753
35829726
3048007580
502635239
4674817969
3237340939
21798786
418286562
355255451
4113708622
1456102980
2675555311
2826930817
4459000813
1307018516
1864762753
2972445370
3277946642
221009958
628013271
85842027
4732597597
3213739826
2978306016
2765109257
997260643
3190163701
2568177520
263907616
2615462914
2952878187
2939881511
2819342754
50075510
3099895254
1577166164
36053798
3397723006
1377390414
4837277050
528881770
305859497
701545948770492416
1970161171
715664649354502148
2955702731
3531315434
969855528
525797013
3070840719
2682788215
288126175
312792137
1340668046
4666306199
297220877
709535289841225729
3376484195
489097668
1172229024
2898788545
1396102080
3017883266
4911733083
4850515324
2924210126
31603819
1578463590
2584839595
1297284656
444967562
1881380012
276746129
715687808325840898
3434586173
2458093821
2716534475
36432236
3247477202
3368736933
1291558736
499869317
709036400218247169
2223611257
4865950744
1251488846
2893445053
2582958156
2708483154
3221064414
545783517
238379055
710228206364848128
2900996250
872960804
1421460547
323226362
3102994598
1031862577
4895473587
1306202418
4838567206
343919292
715686765776928768
878286198
1441064245
4508617583
418613831
2947390508
2301407587
3513871514
4495689634
624143932
3188979931
778641420
1664325313
586819222
4377352641
2786384939
2418908112
380628492
2951000750
350695965
31087443
3365889854
109569133
2924209577
173958556
3306373550
2734383362
701720610225856512
2601248620
2291793648
392426629
2795253717
2903041410
44196028
2284411866
2203965694
2153753634
3193978969
404433879
565930887
4254016883
230482610
61254486
3706154780
742528434
3308312894
1175310042
494769511
2478626156
2693387789
3181115220
3144054197
1910355842
2504756455
558803722
4776749379
1641226976
3234335664
757894651
334765872
334701037
1884113112
3051220275
2254991542
321510417
4296486493
1557900367
184866671
1885092164
542482545
84199102
413393494
592794794
288359263
27289617
3003079107
2589758119
2740141713
4796794971
2608788499
52574858
3184635493
436665196
2309933955
3342229474
2850758583
822295184
4041570378
2935203118
2369253624
370863043
4051836197
3569550073
3146578448
3000860326
1914862568
518295518
1329743582
714916551258947585
3050512599
616672598
356763264
364704769
1967541974
350937895
2959003848
2221745269
462311970
730598588
2963563205
3054425856
790802934
941738228
601198741
3163456922
2423940376
709840372856283136
4829929061
69295431
2868452079
32551073
2714407207
338862258
630891764
2894737326
484525407
3206424526
2973962936
127631354
275481734
3328190403
107839435
1696108530
432076436
3434959805
415458084
395738405
862129021
1578396234
2427357017
4916472782
3107874499
3413127700
1102771914
105248485
1705046792
394365324
190870088
1898363550
3282226650
2243137859
47267269
1719537984
1680975702
3027022853
2986738642
3626440816
1414634215
2429830380
1301757397
711574403478384640
715682532034027520
2896667403
3958965148
2908275017
261231842
4903077045
614833192
3436267539
2551560883
2191398687
126750023
976454162
114324430
3257010186
626045129
2594148000
4894675622
1367049896
2207969087
1154791362
1323458156
3186794574
3040186551
4889265609
403059737
715662417779367937
4664179707
4898793674
368041946
714259518042087425
4418460502
4562464829
1682747761
3095295549
2366219651
316675153
2975595073
2449277672
492613557
3018708559
427115627
1614753775
4848538703
2478579802
4439386399
135685255
1301745817
2897835604
250740802
2954139349
247429359
3002705177
4658842156
3100298611
1950414781
3626478141
418894874
2498964702
611151568
4655404522
28254118
91875389
2556112754
299244024
25969549
4313494992
707065238
272685967
2708861512
571274413
919720974
2813565918
2953464676
630289952
3316679970
3301667103
32660767
836269940
508307082
68468239
1575969529
204354104
2372290934
278692561
2584592298
2344940856
2998392143
357830656
3922499355
2472952869
3262577694
3705129492
1552146242
429201381
2538045193
3000677949
4758213580
37086423
2998694735
738674976
1876311799
4189234215
294680558
76064988
2921917546
3077450517
327395576
448291722
838532838
356140382
208275825
2938687807
18130722
635200038
635894600
4062967156
38274917
2197230852
432883103
1078416440
2560092260
465232219
3299892830
3188623335
3292254134
456953725
1497324805
3961454050
2734480030
4526617349
3060532620
1160725430
49107276
365202402
727418659
2330975779
900622759
546632623
763034479
14381127
3663151663
729130340
533735838
3281165173
713108713838657537
447198452
56272462
3227517837
518107064
724402220
249696176
50130903
612140696
32959832
251464017
1852729226
93179452
23467120
712377834203906048
2250654470
9559392
4820364501
4561701569
1081208408
2421217777
230882619
2334247850
2928123080
17852140
573540173
18055808
4829977738
3023202732
807351895
1700261606
4871215937
4211440234
895639254
713454414586114048
86973360
2262422829
3459069437
157070935
23651067
3235418421
2157150471
3365725579
1093394840
3364200533
122791893
378211246
3348050261
2328752385
240014787
428459249
514382058
2412991054
332468291
3788420908
428011791
4848689129
1140930294
2574072672
2359385662
1569704150
4840121259
34032094
225546613
859993603
2872243082
202450734
69383990
82844712
4645225463
403113830
1356710568
2533135866
448176401
2167039809
703629231301898241
12104792
795137150
2285129966
1911515696
2516950600
407471060
920068920
504689152
538568745
2997740618
3438251909
1426661402
524714787
585007541
2167583647
3079957079
2352020356
1439122776
3959400323
148520153
2735669944
74201198
407676096
1033268906
697152983977426944
4505199028
3253072862
634731930
582303429
784022094
2715075158
131139830
2730516299
520737077
2545922864
3816567076
2594026807
2733376170
4875322854
588769315
4130281348
362427937
1082620746
879167480
447664378
55449200
4916847813
1587740329
3786276377
354579969
2567936309
2711324472
3890731157
1004995838
58161785
3028450170
711775126178500608
2527673871
2490502950
223957265
2801279146
2581434379
2475786722
3146743128
378626179
15400610
142759857
1037991648
421610558
715119227846438912
3367620861
101090328
2800133347
2880220011
3910758798
471024614
981724592
284114398
187722036
2881443097
2614561060
1559540863
1411907018
3385055523
2382708470
4898205004
4880978840
824433186
33186342
445455241
926055361
247353393
3019253224
286026587
713683097343107072
215214987
581353314
1569748729
63363075
3074197505
1273682136
2592961020
3007784493
4363267815
3388674971
2177339953
3207125716
2475482870
381079284
1380207398
218685771
2233350745
39484119
2279503345
182617506
700529957907222528
882670136
2297286451
1538976799
305311271
625893666
1737536912
407495341
2200792629
1900390808
2420839254
2855750920
56077849
58087189
4120536952
606470117
265707019
230304976
705875652
3827310627
856464253
4863201616
4883289215
608277329
2554833361
1003129298
724634233
1182318398
4409952561
337917000
2680006057
1598211612
2252131214
345703306
1000463281
599804917
3285646765
258987876
1435858116
29622705
1644773984
4776503820
144958779
2647530908
763136672
945044640
241510065
1521639187
500946170
565810004
3045663053
518357292
3299751396
358198216
2210978784
3312848714
2297348617
701820301311668224
2864632553
2691890799
38579014
1084264386
3982257312
287243415
456087950
177091406
801053576
529019097
704872112834543617
165727810
24766039
32994738
2414860974
3330631037
3046356558
2878943280
316979888
2745514945
2423969202
3248248099
1401515556
131955304
622319995
2692143571
3848086521
332930319
103617963
457049631
1125928639
103114028
623295333
2955738201
408773107
1775109134
786307442
3038396181
41815897
3331374635
3742535847
995360840
3156974539
593342702
2828720041
1730012826
3260744162
823996663
859238150
2952609071
3243250498
269862962
30237956
293329641
3304859981
4787196988
756094519
244657340
4196486853
3167300073
4378509201
3343845321
1910857735
41040518
2951863204
45221587
372449719
4922060103
374289537
287193722
714915538749751296
2324760522
37132441
2878646553
357632036
482943443
704129049057165314
313249915
351805886
109821155
803803116
699725202184409089
4799966534
119937882
336763908
715676167722893312
451229002
2711135913
455474969
191285513
3261086797
32268975
4605423082
2444989437
159209237
752319685
2777968365
710650124020494337
20369314
1624445244
2338785130
2248421626
2957127391
2368125935
567434371
330029412
2917828130
1666130192
3304301762
714938234141294592
715675699621847041
2814555329
2926332724
3202138036
27761899
445872958
402928083
1559861125
362508853
2893911975
2622038912
601019375
2649197516
372643326
805760396
25479227
4915797611
3325984113
1041046554
2877373619
998077375
130259299
4435314269
28889477
2857596383
2699596107
3100162421
3401208399
714918566626066432
3632488753
546776379
1149413737
351845169
2281355924
577897524
872764004
3318242903
2798807956
4659932775
2188239490
98564077
78780170
2553225703
2735969091
4547929529
548209573
2588939018
99675487
26175911
4798689315
469973927
494736749
2995520124
15521630
360924445
39425955
80761947
512153508
1657544258
599416507
23678879
2289034917
2292044396
381540769
342912190
395893684
563047608
61022179
318533248
817020950
3127885911
3957884067
2771783301
201078964
122360916
3146426124
1594618027
2250270863
1952463650
3807369613
4118739855
712738465918509056
4033079353
3227891007
160531058
2247779628
714583019538018304
3281091823
207903297
56021901
2767802632
256048933
2414955594
713400686772400128
1315790893
522998427
124371224
2255919787
494595616
950423779
4832370594
3067097700
4604234715
305624152
3111592461
1377177716
1380756404
2887363490
3245195148
1566458040
1723849220
700056691946168320
2267293444
4865738812
1317454664
1419098353
478250349
4734990076
4684447237
100214415
534893543
1123123015
14551781
2536351830
211529313
1138902686
47540991
2665985163
2845401094
3401178532
2394904979
2799031696
3828870496
744714704
1255466432
1416431911
924647670
223592599
4614518841
2327178673
265022318
2264526147
101903888
711315737013411840
4064546542
430558676
2192993630
25622036
216601474
709770024689410048
61110337
2830147049
3437403203
3313961577
124283628
3309168439
4755908667
373028711
155620078
1183777951
245057100
2259378409
1662813200
3396937994
314468180
375775444
23035974
574085158
319262663
1158822386
18879333
2479015178
312231160
594100734
1142573221
992697620
2764290236
415978155
342934779
238569243
2618455025
1883388174
3183815922
1269552734
494543197
4642836041
2872118738
241561523
264591383
335675625
2330884531
713904002564378624
712457938
715005517660364805
415678120
4083422279
3010470985
2782672951
2530386738
2272360022
461544210
2430917749
75738736
1207331924
608511919
1906080158
3253945143
3077498350
392135312
39495377
715673886533226496
304566556
2882399372
709812359745904640
1389284912
2505503288
1963231874
2517066939
271687813
116602491
478415575
1975446367
3262723320
327478746
2283565424
166389236
488869650
1941804012
3420963839
502451363
2476550754
957546678
39112544
565724062
33100327
27203916
4165550115
2756031225
2820270828
3433780708
1339767614
2436702817
2329148888
3246926489
3409183745
3875439736
4180667561
2171383059
28023270
29591120
427442225
1578172764
935879486
3255695019
2349139411
2879827729
2895251477
969015055
2169553423
826643514
80078128
20332889
1636643594
1716492332
13986582
738688920
420604052
630656803
2660886241
2358198429
2202454577
630700034
67642912
3004105462
3066131278
2901839828
2863380964
2838587070
154604051
20968719
457105055
111575850
702285832061726720
437123081
2160158798
127633247
424327217
4799332647
833139912
454129199
2337261528
543769745
1372472850
103540364
248653578
291698660
977523470
2562784797
4740895015
900215690
410257904
3300216743
404310172
2213154446
2967606144
3226463304
4636906156
3053713188
1413791646
2730793074
3238909227
217619554
704069395
22480998
3185399118
715592584333234176
2566107691
1013084120
2610564378
301525987
2846451309
1898614681
489683433
1350047108
4295073493
614844329
1135303668
26206528
761180677
3065275584
3021858459
131452940
484028595
1548630068
1389767845
49725595
590474261
2910236358
349825790
2300172121
1828742094
4032766456
2754923889
162678832
711025707472650240
2289617045
547298882
894455384
2484892343
2895591718
2830410368
54402673
1937481764
3112180321
109067424
1909118894
477866807
1618559040
79307456
1499182458
2919667767
702402361
1975844480
861586147
2308567047
1462036807
633703686
2324342387
733936722
3236890476
3496223895
555418587
3240003043
701783311
243617637
4837306253
2883924641
1575376758
1487152412
1332170126
2780457941
245979507
2428018368
2928531096
3021654176
255991338
165945028
256493781
603636225
1601101586
4344758843
966207062
239404903
1113316802
4607176152
3309429058
405805797
1974756938
65002647
1475085175
490807521
328077134
957348348
566057587
2727987661
2711065781
2677781664
951515976
19586320
1852960585
840871890
2215732283
900885260
17665583
44065223
328451856
610293733
3305071885
90467386
2476145607
2724499050
273743501
441259890
1198026175
3432308146
3009997787
411965806
529118808
707833921
89001194
480355543
3077679834
2825271834
1722856531
3252223570
3244612327
2985979575
1350269544
840851108
50176887
103393011
3037570318
1141046202
365087923
2155635524
712036195455393792
2366007064
493641520
2760769163
532640627
2483407210
2445871601
4095161352
4423749495
1172650398
1462746480
25362463
3708688812
710407267
715074899
1729986859
387166484
405581707
3315348333
715661505207742464
20141939
23438390
561709994
44236771
3153724615
94463954
51119215
94774314
92668161
350524285
1069590913
407512310
2943221817
3040082301
2808580241
259359255
4895435174
711305991145590784
490036168
54245197
4053996858
55792573
3035121858
242565839
564039550
592775428
2737582524
3296202295
2485976816
2171631915
2867872374
2999249534
516812013
2761421319
703913254154854400
3343448705
88587544
622025059
2596948123
4194368893
4833982005
460752927
701070660269813760
4462054396
2233818004
569436116
601191908
2708233787
41046024
35541499
4759803866
3323641948
2731300303
1346904200
2990266145
3232897967
1240275726
2944357539
3096507579
567046207
300389237
3883345870
387247936
107274282
127924045
1031192180
98905712
708699671007522820
1050271062
207724883
85673379
2396950555
64889079
2909516382
2895232460
3167143707
410897532
2424153564
2322218134
15211585
2788674652
3151164238
471395952
874667820
548415877
732300523
174092645
636379782
843843650
3191253040
3281822862
64310991
4684479978
595768028
535426835
185843953
613788295
4873225851
999352724
524750267
85095617
28703083
3141135014
4158514780
3046048697
2720240720
390696683
4675554878
49499019
124779671
4882342132
4704187202
156999877
22479431
844101853
1727297976
713466850319929344
2905340049
217975838
3192572960
2882659480
118000591
362772690
1050229778
2428526909
3039962033
2800136501
887842692
718464938
3891549016
3136966660
827550583
2230590603
2245606078
1316529517
3497210718
166293471
1287042000
408130098
2282260601
3370671334
338042709
2952572110
3029161805
611302107
2329480422
401552230
322411777
2886443432
1562039790
3426535573
4867086945
394656546
2273478915
60867899
2148154219
3439037105
3234795514
1546710361
548104401
4794886879
2465877994
709773189824393216
2941580009
2459269592
4779093516
18488531
43008519
2408023855
397485309
1421613079
1424122676
4031107572
141271971
127033129
323133967
544208380
957882211
3292018261
1290174320
2270735214
2291246569
235586584
3103993375
24324530
4893158613
4398587175
1976700097
2240115515
885712412
2311034901
1932647292
408044403
486420683
388280959
2732758313
706975697160507393
66361288
893904638
1016103523
3613887856
384986938
311265152
792732049
282599353
702851375378538496
3074448601
105676593
302798914
3154017263
41680033
2758102697
2740089412
2854691238
2599226204
2334329488
3102056784
3249040424
3383008529
159592268
2702635531
355209891
484198524
1544672275
77543526
3068948386
1102814546
3930432083
1648923199
588435719
3524631873
893897672
1237250312
333765582
2284582524
253810649
2641828192
355255458
26095714
47431717
2786939771
4659590907
371998176
37052371
2180177806
3208666918
1177202786
182531824
318725898
2566414945
319898833
4913829353
2586064434
2267924299
2518030910
4710035596
604767878
1390550732
3132804554
921875774
565084956
98087755
3205962202
258900811
521119135
15789430
325074824
1667728188
2265562432
1183084890
236056224
716027186
2983480678
629370815
2925947448
2178383645
714140766990426117
3039630694
1040419754
278901830
3910200467
713912714754723840
2430836348
2971522564
1904973673
406856051
3008172676
2768408662
4136285734
610325018
2305373364
2944281917
3299521066
438871904
559156852
4542446178
498538072
18981792
237862968
496448196
51675874
1674761028
2537857492
2757453436
416685829
3037012162
612747346
397560620
2218034973
547167363
715858272
2153510849
706989806887292928
243631975
190299099
4027554503
2527178117
1090655202
345047740
617748186
230649280
504633791
4375190119
436828912
1276176170
272473569
127595757
1231082742
566845070
560618383
2322552165
709838913876140032
3415122130
3084824896
1320773690
305154591
2783629488
3987595455
314787051
127383629
596175584
999705805
704489802238799872
2907793912
769879286
700841824454217728
2777676248
2185126776
545793796
483074001
271923061
3022628044
1941212634
335879264
123666417
42077069
205714566
2916494247
3275268296
474565152
2457278940
71809224
1087046107
3041545121
337497648
613300920
239154200
227819203
838320151
710872652471148544
2746645436
298642562
82425119
443331357
56005200
207939832
462640958
4277172753
2339605410
3005322510
323952836
4762585275
3245632583
38605797
2276602636
2943116405
769256702
291812068
923031356
626106389
1597881828
1039228884
1519293380
59501260
148205549
2941243475
1171968476
1619841980
2171294656
1486039063
383285895
818248404
711721807699697668
2954862160
289356840
4055606295
3299874175
1447663650
1707456926
312584641
4443261075
465246923
55220919
81354586
2557926714
559499633
2388863493
2747017379
3039346768
2468558437
1704267913
3329761547
1255460317
2202831868
715659830673801216
514097930
246140582
464190617
83655973
1420847701
1706120228
23298380
4086229546
2175981022
2680815580
703654696666472452
593428402
2160011815
515983869
3177062454
1081359780
181116907
1061678287
2745729208
701884537568149504
1681174094
2465374139
1713725144
795546739
599993067
2626974417
2936418701
2568033207
1342627843
970535684
2931251536
395704904
3177492422
3291334846
3193621002
2333062590
3306158943
1370703690
3426765707
2598859159
2954341529
222571636
4894129513
493196798
110291431
170461390
2769453777
2889364481
1562796871
2966505315
382668926
364104786
199716827
2402271499
3127464339
715658544998137856
3386104551
900411984
3028528430
412674799
2943948177
120855681
1541665284
2787286641
3497370254
324275203
2149381485
942575468
4874341391
57526727
1575343296
2846282455
236008449
3090354840
2596709587
212436737
390981216
2850618844
2756222122
538450544
20440461
4304874672
99763248
2837803039
27804233
2334348022
4279149616
164760989
3242812912
520995138
3602126115
1624695696
2878560355
2716045312
283817606
1532115997
1457957528
141283873
729685722
190277133
2763456987
389799296
2263570371
277712415
713179371704598528
3551504057
1035302245
724722998
1003249610
385570926
2853334279
113881602
4706603022
4322057901
2351547621
2590592073
605953729
272979118
4901633644
2657305644
24807251
427225162
481994350
20379843
1335667254
102826547
50437613
2574160413
3433889973
2959422028
3300892461
714878205044400132
1347572498
3179822056
715657103701118976
373518473
3187417528
704834072657285120
2938559973
20775915
711027945159180288
322883795
2747274111
3153870870
2366858872
635647048
1146233240
3302958299
1152453596
3433546900
517716766
2277331722
790735038
870912234
105982282
4266986595
2326257493
3234635410
1187481776
4045426654
373845943
3031961988
2187650037
3005805866
3246130685
34106484
893834442
17525734
3133018587
457634692
3035215520
4529467700
713148633504477184
1556643278
1457980226
4849554983
266324568
933034206
29957825
2175273096
299799510
2257055206
261222036
389268460
2940430282
2464984160
2924420653
3508354817
4896558053
2317146381
2805192842
1343330940
1720120440
2966757357
1891621789
873117757
3276834696
2531761768
2175060018
363908856
3290581948
2396606242
1041110846
2750359762
2366328512
709287365
715638638936211458
18295177
2714578443
2160288606
1352180053
1104532398
4858415662
549718690
165404608
32536155
2925204609
583325511
1021251698
621047398
3379834432
634295310
4063032831
435072187
2423398098
535595980
893539574
1320253904
3201111173
3053825756
941017075
1462952972
22348512
2726467954
452792939
4775929347
2269203970
3701211315
2571173222
3269301056
560654772
1026590203
2310017101
350277225
710020014192128001
718537464
2809859610
2411362853
2306261663
402768886
1052865504
336638450
1496274348
3374000681
701553543669534720
2383169955
1452758112
2290453309
2295281664
2345492463
391563727
299446020
715256018553462784
2173268351
360358888
614511938
2912130080
3947811437
336264152
4848491765
550537842
2856750459
390453895
2844672148
3234021216
2533154057
2965130763
447193836
163991962
3579831922
1278099150
406312967
2829789011
3541660348
4822780473
2901905051
2222178482
2553109273
45483054
1069210092
366538069
539042685
57091390
341116737
547077269
440051749
3310888880
160871804
3578384715
2760176572
2411799289
783622999
2391488979
2768393817
3090311831
1511307726
2915942176
704787723773743104
1105678957
4885002556
569001617
40232995
4807970172
1345590235
4513652787
2201334701
2239455689
4005002415
995476568
14437815
4846490717
2184487355
2923607385
4904343556
1395451435
4882168059
3419110739
215239364
502962604
2906563947
3472976891
489710864
3029001375
712670486073884672
187015644
995643457
3321625297
1705072134
2367750807
2792165030
709651578727309312
326990816
233666869
2545492059
527773715
240346682
405296388
4428130299
380954324
3542458971
2946234231
490063066
3414596892
347670943
2920803011
928043250
2188571404
1859311
2726621787
96850618
66927567
4317925697
547401582
3386548293
52358398
276247704
457021236
268270929
263592882
428021490
2238718872
80553867
621931167
181956726
1562246245
43245554
2574247619
2908003408
311085785
712744999423705088
4867900715
712497459193331712
42166396
2789045975
282290934
454356387
194696017
3100006494
928475636
513615189
625088901
1505051474
369606599
312570997
2203798173
527657171
1370045352
291294433
400314669
972404335
399849804
711099218530795520
1362204763
49987301
326235586
76733093
2273397596
529919811
2306730520
3893961560
709463123481198592
4475344643
4267396343
58245204
619888795
4404658877
87802352
2894875918
2319253912
4910902732
607547327
764973787
3323628917
24424338
55924118
2855238909
473840559
2945482152
1232531936
708420326284255233
520488130
1972095896
2895046413
2322587625
3073290935
1125703236
2316436001
4321851029
599983243
705935090048700416
4329070708
3093179819
757049502
4194214227
4903212413
284147018
2154367588
717275404
271068216
2205301917
224323911
3321922468
1316735294
706399826284404736
443002186
15325798
3397070714
495345959
2292060229
4836659452
4828805728
4096894335
553095681
27277176
1083471518
334302020
2874574043
2155700526
1713454351
2340606049
572037602
704128926
1037479633
2859691685
2764312094
2635293129
958139587
487750865
710839136299646978
2749358380
3080074786
4288132595
508656281
2680443947
356267564
30661382
715645579683106817
4836080740
4827551577
1637268396
624878149
110666540
520465792
2427617246
818310450
4528839934
67328039
713721754540183552
102081267
147084825
94144245
1349844445
1363298394
3010678802
1850099354
25765675
832882836
549583301
772107613
238717678
3500577080
4889629739
3227544178
715645521671524353
4161569599
3341672807
73729111
1461633416
2929010497
3939010821
111946292
4844905816
2648841334
169462754
2266691508
282106180
2981972607
3070612030
2508640690
446215782
2923469841
214476804
2424761838
400057636
3226064421
3698921116
2841572864
715620027509157894
2174209183
942524352
2962278627
3321684422
2869880350
2310652321
23500563
4912820241
711359779814379520
4281236488
602585930
1107294607
86908659
507946275
391631856
4893184347
21598744
444931064
2968244097
311672702
2242132306
4323367043
48690196
2985409367
355571375
715638865697107973
3678868456
3938313562
105724854
715637820996628480
362217314
121517300
1172171826
411471476
4498395629
2596496179
2458398354
2707998189
1692838694
4898401715
1467797558
329877890
2991294083
2943333195
2819612641
550157050
2898720918
188740358
2581242831
221151418
63532028
3414672621
14290303
715614917362126848
1640264383
186872499
95893261
701837450868613123
229499244
2977276967
630702318
224148221
2904917363
425279494
16638708
700615538
2447967595
91727658
23053322
2211895957
131116588
222947164
357449550
1129632078
2806272753
59958478
629199451
1592105029
2319425124
715547697005113344
382263743
12347212
331133489
1472986490
498968946
993867530
715604036498669568
715606614913454081
712013119661469696
2995236740
1865769578
753256399
4925544201
3387382233
248283415
715601108597547009
44295870
3005427379
216924823
45896995
1280547752
189085799
327759411
715599662577745920
145862732
465250177
121169361
595030175
716340524
946145371
3382755537
2583181743
715596113433198592
205940824
211885319
181288754
2458709957
2943109242
2491177397
4234760968
29304637
498780907
1279973990
715586562969481216
715585609755148288
1301190355
621863795
3023725017
715584673460658177
1163742984
715583076475207680
2239626047
4899562552
86751794
706124094715129860
2740070500
4249135575
4833055749
38030396
3191188727
2586735765
3390284955
2483481521
157572036
14640137
3222830299
257117143
3227444514
157883796
38407610
2539790253
552940528
3408211541
4251864759
1109718667
2770625752
578878128
279145288
1111766240
2323249557
1566384258
3880155255
2314847255
885184106
783403231
700426883410882561
3070068051
2889156147
562220999
3382070379
38785798
4715398936
2368814668
4905297515
715552904170463235
713457958898831361
416665280
27245465
715553693962276864
3026672777
3232751492
551004155
137291957
720831060
83370394
1265595080
243091522
2846498014
457859304
2400732851
2889719196
709326664103100417
1342985052
1583859860
715545172789043200
150906431
86229747
2228167105
1669009896
88063044
1687029924
340783839
369100990
786170100
1460315419
2873075580
149557013
1656733123
715526910663479297
1105104469
1522257450
3002680207
706566610061041669
144944882
1518046357
3123364110
4192986913
318784821
2217281268
431993302
540459144
772559478
3740586317
4874436262
706566194329837568
1362771145
2887537482
715537425578196995
379751609
2287497726
532363870
3134480412
1543746018
137507935
20617327
306802240
205765265
465283124
84906986
715515287110430720
715338625731457024
4684845398
3294136496
89282865
210042298
4891095077
1170096974
2860337238
3306768508
3305573891
715404006118428672
98376725
3322257524
715520907641556992
331156205
700394132586553344
41873654
2990875751
27791652
2270872230
63474404
4366110497
1903023240
2834789078
57595989
81103211
565185085
715487651680296961
3035587235
714960890618114048
377560554
364087276
2724741615
102810210
542371047
715511994003156992
3219435438
2571702543
709680211873280000
1598897682
258347508
1030347392
712254763585413121
2941030655
402897220
715508553620918272
2419888878
715457504344457216
171503161
2939007572
490208060
2508036692
74033466
3370207720
3307495294
3180633566
410934849
3483939196
311239822
806499307
245281179
2225004988
334544831
4768019296
267204356
1929149317
1051038523
1633497518
67166257
435185348
3621661215
96199896
2171008571
3417843165
32796529
335562928
483628481
94851823
2562533376
4859321205
4753768095
1678127220
715459291252133888
348248646
1583826806
2955326769
4235858724
504895077
2760484085
2731163830
2773524141
509059881
426319253
372299873
706438483963994112
249084681
2364757674
589345746
2517454578
2620402123
383657915
1040434992
478052506
4847562312
85959129
36046517
549811258
1486117471
3446462353
2189584787
591075168
50797970
2213978701
2214415603
412789002
715433452464578560
351684510
2367872800
2579633545
4026960314
146681852
2535908185
2470312692
4283676260
49540794
3230295010
3345570989
715423036728610816
1668327360
316192243
51674442
715387044889911296
432029072
214201996
106274065
1497183163
3313527273
1732344440
565805455
4800805212
1850640271
625509194
951727274
827718973
2526934863
372088732
4826543278
4850989033
127442786
268459313
998513978
346354751
24423777
36594461
4877334183
2856235836
179421544
3074924750
3491541312
4914562796
2274189259
2693848130
1571971140
2224365699
148197533
972665690
44346453
1118218105
1159314002
1468172779
702788797302345728
703063840875917312
1017181
28181319
3154569289
30671062
43933486
2182750631
2620295075
1708266620
127677274
4719235488
46648016
126608326
3378653974
505331013
1186402266
1913336826
2172728386
135284034
704639243419848704
715372644409982978
715344868487393280
79004821
940401096
711183437294669824
415426993
2606162485
2387082969
1693909148
4448698334
287970111
48945878
514562720
710901764623613953
1049035272
2200488030
1420592348
32708707
600895107
3411861328
3433630719
28712924
1734542258
3926408234
3004226562
3040711494
701462371714392065
3037374572
715353396581040128
356381068
715260074227269632
1025671274
3021793555
3383144529
206816223
114017435
3268575949
316938235
1345936728
3177127454
3355413957
3298255969
715342588698501122
3394180600
454009228
108538243
545813482
1090453172
1687683972
221175430
59295405
1937509374
633526099
1286813562
715337795909320704
1220356418
2894698880
2172593666
542733069
152636275
3238544059
184780533
4645766474
1724613457
715299690909184001
4900162925
714905674245935106
4330587732
712445855832403968
508243656
715328231558123520
2488722648
710519242706259968
712460815358500865
2983166779
4276460301
183062286
2334936797
2320073862
120910309
1850241913
2564931588
715324032300818434
2485854013
1549416776
4128490572
26606915
4921682127
373425945
2882911948
715320629369507841
2962244800
29806809
715315647308242944
4805442134
3350912026
3170099878
152694977
15685319
2760440496
242266209
4778256856
62783
2940350829
3266693042
4433148855
1773801
704365917233410049
339301604
435491094
3025181472
399110053
367466626
2751428717
4306973772
893727470
164019997
1072916126
2673786870
1013677272
715308082675466240
715304460705144832
41643928
715288712607707136
607076447
874138747
393596709
21064810
2299627067
208058839
2944278762
554162959
212184371
44502121
2541709637
440665931
2869764518
703413236566102017
705698868734906368
2684461684
2890083820
912515906
398033553
3223852346
3259133407
2411973984
16884323
4435179434
2478099732
715294749138296832
4730629638
14216821
47413790
4871649732
315826138
713486799218335744
127989694
223060587
1231657134
50996405
283656739
2802407497
715211165488574464
2408686671
181116138
700800106845569026
4211775675
715255558387974144
3987396207
715262261762387970
1203358885
731029094
3041583610
4907107157
2768276406
1010810106
1022306438
2931209655
3024436614
715275982714834945
293950800
3353935858
1349988882
2150174006
2860717145
3317336507
3013773649
2736249557
373949687
2585839171
306292511
453513399
722557705
4439171617
3320375922
1099413757
621265210
4217628796
213633248
204393454
291557133
206323352
2298482800
928150146
15642680
4872664937
189807425
3127403794
3909124941
4794248368
703217033702449152
395084647
791794273
3098126202
1459697732
4843132720
2978300194
712087033
3040159888
700538631769845760
1344444600
4498095743
2334272302
3524050995
3177352903
3159087129
258621915
3232393697
235354502
3207402123
1155607621
3415343529
4723572737
1931233574
3655826775
3422488814
863656392
3136780773
729967836
1406496420
2696554795
711523221376524288
2292134367
409386328
2887577199
327768592
4618901659
445027742
715233258447970308
338238951
327985700
714177172383117314
766051584
397425623
2196960049
2730625977
3685003050
4313374103
297531131
75115869
4320716602
2434520892
712275239011532800
4730308681
715228709905633284
4821449025
590024431
471357175
299464173
95084023
3593331743
2664644626
1258012940
43815072
145722623
215744542
483845151
705933431381708801
1440649735
115043918
714821941106966528
1332460819
178137047
2451124865
2824717413
125766252
859184256
3227560315
2730511987
704000975250522113
1547751044
70933007
2785693103
3939583257
246744556
715209554217279488
2744504601
2181240337
257940361
3309876927
2165519057
709562082275037184
1546129178
2380038870
715202004696567808
4121549475
590455369
520249270
497010856
3296273280
352387028
260146915
22679536
597666076
2730768621
3254742551
715192837470552064
93425376
1128488940
23029367
2443020730
3322918493
387075977
502063909
1365121284
1628382002
3304970612
3809960594
242647088
715176699940495360
2943199647
364055540
2445400199
538562108
1658886906
714572536193937409
465516524
4820349569
4655438261
715023542614691842
149602800
2875711719
160169914
2380972010
4902652659
833930718
255599643
1080510793
2262358792
1352362206
932730092
2717412242
16638436
3048190340
3309753856
1320493164
2972375557
188730497
284935995
78957430
347045680
310158037
714791214118252544
1421690226
418953275
330707520
4633298145
3094269084
43507058
2731795490
3423974411
772545120
191240887
4891761429
3121596769
531645847
903863982
339878314
2265563365
4173282065
2425513337
1850047728
479809449
622254533
47176502
2920900070
4560452237
3347961040
287100430
51855936
371033684
2367162729
1537358516
4757544595
3400328224
216666969
433299395
2986775505
1496353950
4045902853
43927998
357835409
2938204359
3706053501
1055341945
4845498705
442838286
188694334
3300380106
712455129170120705
3236110455
425302880
768335666
2680935917
2304334582
770965530
2880164201
2909588779
393601441
189303235
2152612760
4287011607
3433026790
24714037
945613880
385218793
377219755
2771335084
738727242
3643951456
4684303074
166483207
4703524707
3039949059
2397238427
460494260
709671773898407936
2750003245
1492989470
3252019492
3383467161
3043412495
1367596542
402559250
32507238
490564508
2392903412
935591522
376094761
984249074
210144231
604817744
908743297
430224455
546814058
623340885
3166600712
2980352355
1710284850
2438089285
2531400086
42619944
112061824
3315749035
3165242069
1373919823
264313896
3035632748
2326860124
147989398
709386049567526912
344085088
4889608394
847943377
4629213355
108330977
712254594651398144
383980425
378047008
247232070
715074695784185861
1052054940
2787150452
2537679758
240424739
132779266
2464116280
37576696
219982498
968664158
2277269432
69713894
2875172231
3240427533
2659506854
16366243
2730999977
3214183487
3236281103
2740149955
23894482
2945401992
525228241
44335747
865866216
2780827230
2955964611
22481463
142681196
714825109001736192
1057098378
260590109
29292033
596116065
59448936
536831255
66551242
760232624
159734702
2469680040
1635042852
47832078
1941585164
698288881368752128
2722337594
714600472523513857
3427205213
548968468
905056609
1216622257
2171971256
14746928
3001787411
3619957454
1040929741
702746654496129024
3795425534
2908113069
453658176
40996754
2716791568
625163808
703634998419722240
4855613531
546267197
3262373989
3291449942
1488941030
1323436314
2653007533
1514263819
3210552665
279060701
322041015
4881907916
2928758058
2543421412
750644377
210261092
389027572
2402489814
2967227909
113098617
47248164
402033480
554359468
2238546072
1008515880
4348462572
2471900047
409546649
195997097
2964409882
1514543827
715008958285619200
579955821
2159475624
4012769834
2803439261
52026092
4895237899
3281240593
887602550
2727752775
3082078390
3306736944
4543595958
296666938
4065037636
820393261
2613149754
625949580
3264049310
1571204616
469884318
3303737640
1173461568
3485301382
3605333237
928540050
1976217540
2761060665
4117623974
2718414816
2890288723
1491569288
124170248
709466340919263233
2176504109
3101567582
4144550441
2867697987
1351980025
4840933954
115506796
2467018285
3976061357
704379225818710017
714993158032080897
2559397083
4020681995
2666232827
3000495252
2708888884
4875324784
3917992276
2880073553
1257593671
2677087600
3269566867
127637968
2719046005
1798140632
4608509174
1651718556
17341765
10342732
3071306950
3303510716
781631814
2813895978
344281462
3311931444
3254122960
711930666150002690
2257457279
2895092489
13809752
1405455752
709101928396021760
2597111695
2717787721
4222911628
2999580935
3309461311
318941995
1697161969
1377303776
3138452506
4530837527
2997970967
4611286941
2716222144
3271503830
258677221
860714006
419867083
420825921
2791970187
56474338
1195254378
29079182
599302026
44147603
286052579
3076772282
1622313758
2280189435
70029623
1400098424
2990958903
472389585
20258787
3690820935
2177555956
270618543
3701034675
2276029467
3056728553
548022927
2957534146
3529081457
613897807
1055882197
3214826249
4852600091
255750519
1264478677
1965276804
200546746
133577195
27530438
1937499930
2874403031
4874282189
4740645176
1975304870
3403187081
462510621
1358182490
40959591
307179484
714695623598075905
3060559795
1248696636
353442773
356372369
1053944167
550023869
1644407551
939207542
2524144907
713519915957940224
17394515
2684072823
443838207
4901692366
6386932
2445144882
2178956601
455233357
3396027034
4129943057
2284530808
921500635
2592462215
2779051888
2269222287
541419237
2806368917
4847996079
2722458723
3269865199
2283132745
1380014155
3161717984
760172352
2728236232
110197018
764703757
712097706085232640
167039385
2936498960
2468323236
2940500969
2624702020
2580912947
278580008
610053263
2376569675
4197200429
334167511
2718826822
1025470452
714904063339528198
2862783338
2983402977
3818615909
201854309
4687374230
4491509480
708710614689030145
381082667
65899941
2428984142
711637251298451457
1413938804
342953291
782471744
1640603352
1093470025
2374382956
4709550929
1634491058
707833602785067008
1621043316
2969474225
2888321345
745439575
2570220328
2338692132
2333986655
952422858
2725191663
1364859672
703764948
1475164542
2864875117
2825847986
4313673435
4471050434
2910547760
149618755
349499396
61927638
2190700144
3659416336
517406991
714930840615129093
4899728014
1322163794
3018972643
865307653
3407027835
710442548683124736
38863349
2638544087
391459149
1901732870
275573710
447616411
4353219857
2973783706
3428027182
2845901098
2490519085
3604055235
2457005255
2764390425
4394987177
3604337415
610426426
1149440204
708750532005855236
2319634014
2225929491
325392248
2650161811
1379609857
3307329409
2457426840
2561306932
1198655550
2477510014
2984153075
705818969870094337
3643149134
714922876231688192
1043280673
71984754
136633525
3290328172
713063624265347076
3365481983
3812664262
2959550841
3362977690
972914316
2225949391
355070835
55745593
244563562
94356392
2251158053
713610829028044800
491497672
626604409
4473339592
3372794769
879665648
4871806829
374656446
2972221894
808498598
2354309133
3794424076
3057132213
1544089922
1939587007
874239152
1353143376
3297466588
3228520097
378772387
378819044
2964976197
2508682652
916482462
3008138416
3319556205
2941673291
2661963773
487838012
2612252511
912653300
2684407157
93747850
2290052949
712130797
3078217619
2455213412
3400050934
562899648
2985139652
2319440989
4586838028
709392757601792000
2966797725
3302058988
231624841
865725150
2793210532
2760270538
2713200490
2603958870
3116689143
2765746991
714908739908857859
3016703048
2924720070
1531449098
3319164788
3121001361
1224131401
434347824
2298866592
432862416
3301942498
1653830311
1729902163
1377973998
3349773689
21096027
294640492
148464192
256225833
4320496006
2715310325
4893855886
3371290137
1545161750
54178172
385990031
265027514
2260624601
3295517116
111302832
4113492315
3105337984
2987298072
323469373
2754947271
360625120
4015568053
67010370
1170495446
701939283750313985
2225858820
4796438897
31500365
15710668
2482485419
27504722
1442461291
1396014920
2817961350
65437541
3549963613
3036406210
1268872597
1367790480
1896746636
304623454
36771826
29508512
289883432
2928463617
863439007
2935690397
3031281985
2406188090
2731019862
357496357
4861365749
2334185036
1604696246
3219830138
701077606616137729
2225047026
41315699
2892564484
1053446598
714898698464010240
877963980
713873704757936130
256625722
4247750240
2478174779
926231034
1599604494
1710095736
543420049
3088980455
4833944031
705190744173056000
767365303
2691106946
1973128243
3426071333
522700145
2984327705
3253223556
2954042884
898544768
3314126181
600242862
2324292211
345681162
709098901576523777
4320261095
3378088457
2869652999
1345028372
487438247
490779147
4906097962
1086976140
709881319564529666
3309478300
3075864656
2159445873
712107143667785729
713167202069786624
1571078088
2745728594
2944826183
4710892157
926568234
264821646
197396895
2652279691
4839268222
193029701
1705289064
3152648016
714057117796286464
3037205890
4898317856
2555471334
2422951786
2709296602
4209430409
2387532966
3343230741
16987035
4703526084
714544657343098880
1327364124
421750538
2742648125
3120646662
2760800764
1657845084
597076826
4638191608
615768993
3045398907
2919114056
232846798
714872907906723840
115977683
4553500397
197527822
548381704
714870663564169216
3027071705
2788253388
3191627781
4805968010
3319731117
607879059
3001328586
1287284875
713701389
607162845
324749864
2960012763
910937305
2561941122
2445907140
714859690614599681
3188106398
2629523133
714847920181350401
586068267
852542558
29845885
2316095209
2512351031
713916933502939136
411330287
4390508901
250331238
935047494
613585818
1182754381
354981574
714486224191418372
255864725
127316035
2984989318
4211386606
4864456048
189007497
2893467035
712444660325556225
36057258
348140439
2881916064
3309070938
702691218208129024
2902782064
2715873561
4718916867
1649161812
700714910502809601
714852543185203200
619345118
3293644189
709472616369750017
714431670544367617
1585107588
1532290584
4831829826
100893218
2296953751
2892415991
2505611265
2937369312
2188105306
710114994688544769
3254883228
3332271951
4871911901
707310550917599232
4910831237
485600499
2241504533
231436903
2379243696
2584309970
887427324
705511925002579968
110536271
857175499
4856312771
388543482
3243382259
702516804875264000
702322450713944064
4375087812
4792515519
298491771
2850019012
3729663143
2371233385
746737297
4925377141
4760552594
60658693
4871528567
2508426030
4691867012
4900876856
4902966194
214615148
3315320808
856450920
4861713254
3969348377
2585434825
1155614815
575992663
4812060794
1655654514
3015385479
1857455546
98603808
1008566268
4699519632
3533200633
4263843970
1641397110
105029641
2527223036
2952658808
4228325241
4710476174
4026469090
4267339634
4328678174
3153891298
4687000471
4644979041
2618042909
22833
441751855
579149508
3989332708
3293466857
2794861280
4557458795
3138393950
2575795836
4505903422
599585941
3270564362
461556904
125855909
4065429742
3132747396
3237197880
4065240465
2342519370
4421323288
316243540
1140721526
4182612314
4193794295
3428808615
4289802862
3004495493
446516245
994136382
4138734995
2969520749
262727074
4264488554
4201376355
3236958434
4213698972
3218074333
4004307374
3086671928
4011498334
2814245840
3588438921
2783038954
2798352054
620172248
3296251988
1230630834
2798730422
866324768
622618509
2887594018
1265467512
3751877178
2340878846
3291292083
2742048179
358529893
3974060099
3928419555
3320637451
396797564
740499756
2983193267
2746663748
398836146
202083084
3825303614
3413267561
3838814308
3192484820
3257778928
3647956093
184645540
2989317603
3727326255
3824343689
3800358034
1714110528
3259534789
3803040737
17444049
3222077945
3100278772
3385968798
1471156394
3757370547
2803369761
394328859
2525002464
1710607866
1311888320
3254341715
3370971315
3394472861
3363600680
2319557072
3607269253
2943871840
3141256612
3585440056
3024437387
2475046945
3282737942
3565688236
213034671
1496786029
2720712147
3420183220
3436292171
2608534785
44023872
777119210
3474717976
3459927137
3451011747
25386213
3309631653
2786916193
788047772
2945611895
106096371
952233661
723701473
3298548952
2436116588
3277763268
3244875996
3234070988
1589617514
3368533241
3364308226
3258676441
770145254
2911655537
3298354015
2711893771
67084075
3359532275
3301150551
2925130203
1751646206
2413753020
2888789925
3297980257
3296702828
2528473826
1858669117
2864663201
3294940139
3379496487
2271991544
3091341766
3382649878
292838464
3252918498
635891520
1968286447
2182815979
1455952802
3346506471
3269440128
3269396400
59804598
270188388
3355520325
2868013939
3264740670
2292830672
3167077474
1705886479
974658470
318950851
3195437606
2744208022
1618389487
3308399512
1084721564
865930404
68561530
20817666
589479763
3296490065
3015492383
3302983565
3312276665
3235554055
53186313
1060820426
2374448857
3313107874
3235563884
19338802
3236859992
2194648458
1339820209
2666124074
85353655
3131667029
2593792902
2207719456
22922978
2588051612
3051246974
2175626970
46294258
822068568
100385197
28409795
1616881844
2999229506
3050913576
3252827632
2985102998
367422665
2963654261
403737731
581522626
3129043305
3053236197
491733692
1473122323
783111685
3048170391
2803670401
594087791
212881622
2967241085
2357547593
3166519001
3184552468
2597004043
292422267
3037643025
582921868
2468886708
3160052858
2805543562
215130616
2942483481
2303341778
2997316848
3074167662
2260522809
818691428
2838834173
183411879
3125060745
1663776930
3027223066
3123567526
3010909477
605819096
16718200
1510726135
2427878198
2717160572
3111926940
272770782
704204253
626454956
3082477256
2490018878
312220146
2924966479
3111092500
1013599116
3101032731
1867801638
3036134783
2307317748
1180551030
285678558
3092490909
2811786782
2302525869
2998683709
3000796993
2598477829
2791839781
330583092
2267163960
633188617
1865098088
3075537079
2363355968
2782661625
14119066
15012852
2784970736
24791369
426953308
1852153866
2435979732
219359218
2449347000
3037364426
3028639483
2924203202
2954171139
2848925003
26960322
2465121793
2881245679
706966487467237376
4884617229
3236290328
2519019823
4330902197
4154842737
3298206063
3244188315
3733339653
3198769532
2893597258
3268890300
3182379036
3051853684
3030228885
3321744106
864107808
3320765122
3296953421
3147178744
3025662451
3179869854
3279603856
1355921688
3097224019
2843907596
35330607
578268728
2941221111
3067172378
3102091589
1867877005
1867860139
1867873405
1868410009
1867873447
1867868527
1867798050
1867871533
1867833596
1867489598
1867822910
3093373679
169620444
192979273
1488301656
3054941428
3010800006
309135583
87839537
3013954820
2355012407
2996201340
103193410
198380481
301051241
2737511454
2638975378
2471819700
1327142898
456631723
1885104582
2885532643
304643035
2876292433
397848362
18487834
2582958763
2761536347
132842968
120560861
28137832
2413022431
2517007988
19806968
280698902
414918507
848668093
817545122
274680534
151532520
2761900914
733836962
2485933832
281870245
234621583
3231368635
1492755612
713964792105537536
918882650
35726888
370534613
15753498
161115926
433869875
1140970381
2236468166
284347224
3286823851
198730467
178362805
636943287
122790434
4892366285
715565063344492547
703724390907645952
380477946
712297085660438528
3908827821
2249531144
609346708
3994550361
52222980
157470703
2278378080
3874506917
4850561621
4833052925
108808198
3818752933
715067000779902976
218546608
2730966867
704157150088728576
42499206
263455859
216297319
2564059472
285477129
4778070012
3395621943
4750864513
212319234
35019132
356373835
4827489559
4350163752
2471161243
4857675432
711561128942264320
30366113
221826776
350032391
811174262
713039894965313537
2960604868
712470673839493121
2743197186
2374128097
713390987989528576
3607205419
715293035953799169
4925592887
1977707425
3462460462
190540159
3254467535
716285831305105408
19986363
713600535866150912
103849120
716090400746774528
4577883915
1760511925
714580645377404928
2638427705
3708147313
365802882
113516170
359697362
358905260
284735373
161439462
603021937
4107031528
4831102445
4689782538
84201409
111348704
3088343290
710518484619411456
709134228290707456
4867298709
4536325096
1334338920
4892326739
3071343257
4259248035
713748846522863616
706908154207068162
2789223653
14590082
2555792891
3252348158
2780966991
4138258827
441238643
715054400243376128
2480467856
704365564051894272
3246952314
3071924984
95687734
3388743552
707051020933844994
627700670
338821615
4899698277
1922543772
712955033856282624
716048500664893440
364018283
2457066306
701834548527636481
3437359911
716134542231347201
1576428138
1288442766
170142544
3225536960
3738481754
4835720069
709555576842395648
701905184180539393
4892525229
94922138
155260687
2903463563
708056790248730624
2862410867
2314509950
1601679229
713176850072141824
1452557424
4315001481
3008471533
212337668
40486747
3284908189
4895667244
3343808369
702483868083945472
3127855002
334265991
715687719091978240
715272173519249413
4922287275
4622724334
1266198450
66693790
212319985
219410605
481364641
3017711616
710257880562278400
715674117815422977
4804481623
91712959
2837924367
3881292639
2568379626
716038516178882561
716038127014567936
716037959817027584
4905813394
2883433240
716023931438649344
71327218
3883141458
3004537743
716021644729253888
3148074250
563040539
702913721543364609
2511376477
1584991532
4870232316
2272301052
705920924
3278776843
2995577217
4827368544
2981575079
4572366497
1911342337
1567372633
1061993334
3140981741
3319244625
3328440783
704138721428267008
709084892475183104
1546302996
3105147123
1535183184
2182627309
257232528
3242019557
2931530097
287952276
714938031384305664
715965822607486976
4400392707
258788576
2201496169
187675887
916030976
208271500
2452497806
713087045711884288
3128080097
838833194
4213844999
99367508
4829882326
617679722
3033996179
2503979118
4831686464
115090415
4531679056
491735605
709409787876937728
4822694609
2539650026
549609965
211270244
715935413114941440
2686058431
219368134
4562815283
4798101953
2800648439
4846968379
4715826555
797527099
707214876243058688
1858335967
715780866111315969
211729696
1568227771
2333767358
176016582
710407274678738944
4621695153
3438858671
2413451834
445441270
4910044347
335912302
82530518
1976371760
2744838703
4781465954
3276141924
4855502637
3057581682
715817745393254401
2825894328
3763950076
2233782547
195874713
2817058975
3294191447
559199513
714234344697675778
3254342191
368929453
386248845
715190903133114369
715634835767697408
4843529654
4710125296
4889981116
130960440
